### DO NOT MODIFY THE FORMAT OF THIS FILE
### it is used by the perl script: sepica_bartels_fill.pl

Bartels Period = 27.000000 days = 2332800.00 sec.
use code ~asc/aceprog/anciltest/get_scclock hdf_file ACEepoch
to get Space Craft time where hdf_file = /home/mussel1/ancillary/ACE_ANCIL.HDF

The exact starting time for each Bartels Rotation is:

Bartels Start   DOY  UT        ACE Epoch     Space Craft
Rot.    Date        (sec)     Time (sec)at    Clock
 #                            00:00:00 UT*    (sec)
---- ---------- --- --------  -----------   -------------
Pre L1 Insertion:
2240 08/14/1997 226 00000.00  51062400.00   -
2241 09/10/1997 253 00000.00  53395200.00   01325494.00
2242 10/07/1997 280 00000.00  55728000.00   03658294.31
2243 11/03/1997 307 00000.00  58060800.00   05991097.27
2244 11/30/1997 334 00000.00  60393600.00   08323900.60

Post L1 Insertion:
2245 12/27/1997 361 00000.00  62726400.00   10656703.60
2246 01/23/1998 023 00000.00  65059200.00   12989506.35
2247 02/19/1998 050 00000.00  67392000.00   15322309.21
2248 03/18/1998 077 00000.00  69724800.00   17655112.35
2249 04/14/1998 104 00000.00  72057600.00   19987915.66

2250 05/11/1998 131 00000.00  74390400.00   22320719.10
2251 06/07/1998 158 00000.00  76723200.00   24653522.49
2252 07/04/1998 185 00000.00  79056000.00   26986325.68
2253 07/31/1998 212 00000.00  81388800.00   29319128.80
2254 08/27/1998 239 00000.00  83721600.00   31651932.08

2255 09/23/1998 266 00000.00  86054400.00   33984735.52
2256 10/20/1998 293 00000.00  88387200.00   36317538.96
2257 11/16/1998 320 00000.00  90720000.00   38650342.34
2258 12/13/1998 347 00000.00  93052800.00   40983145.46
2259 01/09/1999 009 00000.00  95385600.00   43315948.33

2260 02/05/1999 036 00000.00  97718400.00   45648751.25
2261 03/04/1999 063 00000.00 100051200.00   47981554.39
2262 03/31/1999 090 00000.00 102384000.00   50314357.73
2263 04/27/1999 117 00000.00 104716800.00   52647161.22
2264 05/24/1999 144 00000.00 107049600.00   54979964.68

2265 06/20/1999 171 00000.00 109382400.00   57312767.91
2266 07/17/1999 198 00000.00 111715200.00   59645571.10
2267 08/13/1999 225 00000.00 114048000.00   61978374.47
2268 09/09/1999 252 00000.00 116380800.00   64311178.01
2269 10/06/1999 279 00000.00 118713600.00   66643981.63

2270 11/02/1999 306 00000.00 121046400.00   68976785.15
2271 11/29/1999 333 00000.00 123379200.00   71309588.36
2272 12/26/1999 360 00000.00 125712000.00   73642391.32
2273 01/22/2000 022 00000.00 128044800.00   75975194.33
2274 02/18/2000 049 00000.00 130377600.00   78307997.52

2275 03/16/2000 076 00000.00 132710400.00   80640800.89
2276 04/12/2000 103 00000.00 135043200.00   82973604.41
2277 05/09/2000 130 00000.00 137376000.00   85306407.85
2278 06/05/2000 157 00000.00 139708800.00   87639211.07
2279 07/02/2000 184 00000.00 142041600.00   89972014.31

2280 07/29/2000 211 00000.00 144374400.00   92304817.69
2281 08/25/2000 238 00000.00 146707200.00   94637621.28
2282 09/21/2000 265 00000.00 149040000.00   96970424.98
2283 10/18/2000 292 00000.00 151372800.00   99303228.67
2284 11/14/2000 319 00000.00 153705600.00  101636032.03

2285 12/11/2000 346 00000.00 156038400.00  103968835.14
2286 01/07/2001 007 00000.00 158371200.00  106301638.30
2287 02/03/2001 034 00000.00 160704000.00  108634441.62
2288 03/02/2001 061 00000.00 163036800.00  110967245.13
2289 03/29/2001 088 00000.00 165369600.00  113300048.79

2290 04/25/2001 115 00000.00 167702400.00  115632852.32
2291 05/22/2001 142 00000.00 170035200.00  117965655.61
2292 06/18/2001 169 00000.00 172368000.00  120298458.95
2293 07/15/2001 196 00000.00 174700800.00  122631262.41
2294 08/11/2001 223 00000.00 177033600.00  124964066.06

2295 09/07/2001 250 00000.00 179366400.00  127296869.84
2296 10/04/2001 277 00000.00 181699200.00  129629673.61
2297 10/31/2001 304 00000.00 184032000.00  131962477.12
2298 11/27/2001 331 00000.00 186364800.00  134295280.36
2299 12/24/2001 358 00000.00 188697600.00  136628083.67

2300 01/20/2002 020 00000.00 191030400.00  138960887.18
2301 02/16/2002 047 00000.00 193363200.00  141293690.83
2302 03/15/2002 074 00000.00 195696000.00  143626494.56
2303 04/11/2002 101 00000.00 198028800.00  145959298.16
2304 05/08/2002 128 00000.00 200361600.00  148292101.50

2305 06/04/2002 155 00000.00 202694400.00  150624904.89
2306 07/01/2002 182 00000.00 205027200.00  152957708.50
2307 07/28/2002 209 00000.00 207360000.00  155290512.29
2308 08/24/2002 236 00000.00 209692800.00  157623316.21
2309 09/20/2002 263 00000.00 212025600.00  159956120.09

2310 10/17/2002 290 00000.00 214358400.00  162288923.64
2311 11/13/2002 317 00000.00 216691200.00  164621726.96
2312 12/10/2002 344 00000.00 219024000.00  166954530.35
2313 01/06/2003 006 00000.00 221356800.00  169287333.95
2314 02/02/2003 033 00000.00 223689600.00  171620137.65

2315 03/01/2003 060 00000.00 226022400.00  173952941.46
2316 03/28/2003 087 00000.00 228355200.00  176285745.10
2317 04/24/2003 114 00000.00 230688000.00  178618548.49
2318 05/21/2003 141 00000.00 233020800.00  180951351.89
2319 06/17/2003 168 00000.00 235353600.00  183284155.57

2320 07/14/2003 195 00000.00 237686400.00  185616959.43
2321 08/10/2003 222 00000.00 240019200.00  187949763.44
2322 09/06/2003 249 00000.00 242352000.00  190282567.41
2323 10/03/2003 276 00000.00 244684800.00  192615371.08
2324 10/30/2003 303 00000.00 247017600.00  194948174.46

2325 11/26/2003 330 00000.00 249350400.00  197280977.94
2326 12/23/2003 357 00000.00 251683200.00  199613781.59
2327 01/19/2004 019 00000.00 254016000.00  201946585.37
2328 02/15/2004 046 00000.00 256348800.00  204279389.25
2329 03/13/2004 073 00000.00 258681600.00  206612192.96

2330 04/09/2004 100 00000.00 261014400.00  208944996.40
2331 05/06/2004 127 00000.00 263347200.00  211277799.90
2332 06/02/2004 154 00000.00 265680000.00  213610603.62
2333 06/29/2004 181 00000.00 268012800.00  215943407.55
2334 07/26/2004 208 00000.00 270345600.00  218276211.58

2335 08/22/2004 235 00000.00 272678400.00  220609015.66
2336 09/18/2004 262 00000.00 275011200.00  222941819.48
2337 10/15/2004 289 00000.00 277344000.00  225274623.01
2338 11/11/2004 316 00000.00 279676800.00  227607426.59
2339 12/08/2004 343 00000.00 282009600.00  229940230.34

2340 01/04/2005 004 00000.00 284342400.00  232273034.20
2341 01/31/2005 031 00000.00 286675200.00  234605838.15
2342 02/27/2005 058 00000.00 289008000.00  236938641.98
2343 03/26/2005 085 00000.00 291340800.00  239271445.48
2344 04/22/2005 112 00000.00 293673600.00  241604249.01

2345 05/19/2005 139 00000.00 296006400.00  243937052.78
2346 06/15/2005 166 00000.00 298339200.00  246269856.75
2347 07/12/2005 193 00000.00 300672000.00  248602660.84
2348 08/08/2005 220 00000.00 303004800.00  250935464.97
2349 09/04/2005 247 00000.00 305337600.00  253268268.85

2350 10/01/2005 274 00000.00 307670400.00  255601072.48
2351 10/28/2005 301 00000.00 310003200.00  257933876.15
2352 11/24/2005 328 00000.00 312336000.00  260266679.99
2353 12/21/2005 355 00000.00 314668800.00  262599483.94
2354 01/17/2006 017 00000.00 317001600.00  264932287.96

2355 02/13/2006 044 00000.00 319334400.00  267265091.81
2356 03/12/2006 071 00000.00 321667200.00  269597895.39
2357 04/08/2006 098 00000.00 324000000.00  271930698.96
2358 05/05/2006 125 00000.00 326332800.00  274263502.75
2359 06/01/2006 152 00000.00 328665600.00  276596306.74

2360 06/28/2006 179 00000.00 330998400.00  278929110.87
2361 07/25/2006 206 00000.00 333331200.00  281261915.05
2362 08/21/2006 233 00000.00 335664000.00  283594718.98
2363 09/17/2006 260 00000.00 337996800.00  285927522.65
2364 10/14/2006 287 00000.00 340329600.00  288260326.42

2365 11/10/2006 314 00000.00 342662400.00  290593130.35
2366 12/07/2006 341 00000.00 344995200.00  292925934.38
2367 01/03/2007 003 00000.00 347328000.00  295258738.48
2368 01/30/2007 030 00000.00 349660800.00  297591542.42
2369 02/26/2007 057 00000.00 351993600.00  299924346.03

2370 03/25/2007 084 00000.00 354326400.00  302257149.64
2371 04/21/2007 111 00000.00 356659200.00  304589953.47
2372 05/18/2007 138 00000.00 358992000.00  306922757.50
2373 06/14/2007 165 00000.00 361324800.00  309255561.69
2374 07/11/2007 192 00000.00 363657600.00  311588365.92

2375 08/07/2007 219 00000.00 365990400.00  313921169.92
2376 09/03/2007 246 00000.00 368323200.00  316253973.72
2377 09/30/2007 273 00000.00 370656000.00  318586777.54
2378 10/27/2007 300 00000.00 372988800.00  320919581.56
2379 11/23/2007 327 00000.00 375321600.00  323252385.69

2380 12/20/2007 354 00000.00 377654400.00  325585189.90
2381 01/16/2008 016 00000.00 379987200.00  327917993.93
2382 02/12/2008 043 00000.00 382320000.00  330250797.64
2383 03/10/2008 070 00000.00 384652800.00  332583601.36
2384 04/06/2008 097 00000.00 386985600.00  334916405.24

2385 05/03/2008 124 00000.00 389318400.00  337249209.33
2386 05/30/2008 151 00000.00 391651200.00  339582013.62
2387 06/26/2008 178 00000.00 393984000.00  341914817.89
2388 07/23/2008 205 00000.00 396316800.00  344247621.98
2389 08/19/2008 232 00000.00 398649600.00  346580425.88

2390 09/15/2008 259 00000.00 400982400.00  348913229.79
2391 10/12/2008 286 00000.00 403315200.00  351246033.86
2392 11/08/2008 313 00000.00 405648000.00  353578838.06
2393 12/05/2008 340 00000.00 407980800.00  355911642.37
2394 01/01/2009 001 00000.00 410313600.00  358244446.46

2395 01/28/2009 028 00000.00 412646400.00  360577250.28
2396 02/24/2009 055 00000.00 414979200.00  362910054.05
2397 03/23/2009 082 00000.00 417312000.00  365242858.02
2398 04/19/2009 109 00000.00 419644800.00  367575662.16
2399 05/16/2009 136 00000.00 421977600.00  369908466.47

2400 06/12/2009 163 00000.00 424310400.00  372241270.82
2401 07/09/2009 190 00000.00 426643200.00  374574074.94
2402 08/05/2009 217 00000.00 428976000.00  376906878.88
2403 09/01/2009 244 00000.00 431308800.00  379239682.87
2404 09/28/2009 271 00000.00 433641600.00  381572487.04

2405 10/25/2009 298 00000.00 435974400.00  383905291.34
2406 11/21/2009 325 00000.00 438307200.00  386238095.70
2407 12/18/2009 352 00000.00 440640000.00  388570899.87
2408 01/14/2010 014 00000.00 442972800.00  390903703.73
2409 02/10/2010 041 00000.00 445305600.00  393236507.58

2410 03/09/2010 068 00000.00 447638400.00  395569311.55
2411 04/05/2010 095 00000.00 449971200.00  397902115.72
2412 05/02/2010 122 00000.00 452304000.00  400234920.08
2413 05/29/2010 149 00000.00 454636800.00  402567724.47
2414 06/25/2010 176 00000.00 456969600.00  404900528.60

2415 07/22/2010 203 00000.00 459302400.00  407233332.57
2416 08/18/2010 230 00000.00 461635200.00  409566136.64
2417 09/14/2010 257 00000.00 463968000.00  411898940.88
2418 10/11/2010 284 00000.00 466300800.00  414231745.24
2419 11/07/2010 311 00000.00 468633600.00  416564549.67

2420 12/04/2010 338 00000.00 470966400.00  418897353.97
2421 12/31/2010 365 00000.00 473299200.00  421230157.91
2422 01/27/2011 027 00000.00 475632000.00  423562961.78
2423 02/23/2011 054 00000.00 477964800.00  425895765.84
2424 03/22/2011 081 00000.00 480297600.00  428228570.07

2425 04/18/2011 108 00000.00 482630400.00  430561374.48
2426 05/15/2011 135 00000.00 484963200.00  432894178.98
2427 06/11/2011 162 00000.00 487296000.00  435226983.18
2428 07/08/2011 189 00000.00 489628800.00  437559787.22
2429 08/04/2011 216 00000.00 491961600.00  439892591.41

2430 08/31/2011 243 00000.00 494294400.00  442225395.80
2431 09/27/2011 270 00000.00 496627200.00  444558200.32
2432 10/24/2011 297 00000.00 498960000.00  446891004.86
2433 11/20/2011 324 00000.00 501292800.00  449223809.29
2434 12/17/2011 351 00000.00 503625600.00  451556613.33

2435 01/13/2012 013 00000.00 505958400.00  453889417.29
2436 02/09/2012 040 00000.00 508291200.00  456222221.42
2437 03/07/2012 067 00000.00 510624000.00  458555025.73
2438 04/03/2012 094 00000.00 512956800.00  460887830.23
2439 04/30/2012 121 00000.00 515289600.00  463220634.69

2440 05/27/2012 148 00000.00 517622400.00  465553438.99
2441 06/23/2012 175 00000.00 519955200.00  467886243.09
2442 07/20/2012 202 00000.00 522288000.00  470219047.33
2443 08/16/2012 229 00000.00 524620800.00  472551851.79
2444 09/12/2012 256 00000.00 526953600.00  474884656.37

2445 10/09/2012 283 00000.00 529286400.00  477217460.98
2446 11/05/2012 310 00000.00 531619200.00  479550265.44
2447 12/02/2012 337 00000.00 533952000.00  481883069.54
2448 12/29/2012 364 00000.00 536284800.00  484215873.56
2449 01/25/2013 025 00000.00 538617600.00  486548677.70

2450 02/21/2013 052 00000.00 540950400.00  488881482.09
2451 03/20/2013 079 00000.00 543283200.00  491214286.50
2452 04/16/2013 106 00000.00 545616000.00  493547090.90
2453 05/13/2013 133 00000.00 547948800.00  495879895.21
2454 06/09/2013 160 00000.00 550281600.00  498212699.32

2455 07/06/2013 187 00000.00 552614400.00  500545503.58
2456 08/02/2013 214 00000.00 554947200.00  502878308.01
2457 08/29/2013 241 00000.00 557280000.00  505211112.61
2458 09/25/2013 268 00000.00 559612800.00  507543917.25
2459 10/22/2013 295 00000.00 561945600.00  509876721.73

2460 11/18/2013 322 00000.00 564278400.00  512209525.90
2461 12/15/2013 349 00000.00 566611200.00  514542329.98
2462 01/11/2014 011 00000.00 568944000.00  516875134.16
2463 02/07/2014 038 00000.00 571276800.00  519207938.57
2464 03/06/2014 065 00000.00 573609600.00  521540743.09

2465 04/02/2014 092 00000.00 575942400.00  523873547.59
2466 04/29/2014 119 00000.00 578275200.00  526206351.84
2467 05/26/2014 146 00000.00 580608000.00  528539156.02
2468 06/22/2014 173 00000.00 582940800.00  530871960.26
2469 07/19/2014 200 00000.00 585273600.00  533204764.76

2470 08/15/2014 227 00000.00 587606400.00  535537569.39
2471 09/11/2014 254 00000.00 589939200.00  537870374.11
2472 10/08/2014 281 00000.00 592272000.00  540203178.64
2473 11/04/2014 308 00000.00 594604800.00  542535982.88
2474 12/01/2014 335 00000.00 596937600.00  544868787.03

2475 12/28/2014 362 00000.00 599270400.00  547201591.29
2476 01/24/2015 024 00000.00 601603200.00  549534395.74
2477 02/20/2015 051 00000.00 603936000.00  551867200.34
2478 03/19/2015 078 00000.00 606268800.00  554200004.87
2479 04/15/2015 105 00000.00 608601600.00  556532809.21

2480 05/12/2015 132 00000.00 610934400.00  558865613.39
2481 06/08/2015 159 00000.00 613267200.00  561198417.71
2482 07/05/2015 186 00000.00 615600000.00  563531222.18
2483 08/01/2015 213 00000.00 617932800.00  565864026.88
2484 08/28/2015 240 00000.00 620265600.00  568196831.68

2485 09/24/2015 267 00000.00 622598400.00  570529636.27
2486 10/21/2015 294 00000.00 624931200.00  572862440.55
2487 11/17/2015 321 00000.00 627264000.00  575195244.82
2488 12/14/2015 348 00000.00 629596800.00  577528049.13
2489 01/10/2016 010 00000.00 631929600.00  579860853.64

2490 02/06/2016 037 00000.00 634262400.00  582193658.27
2491 03/04/2016 064 00000.00 636595200.00  584526462.88
2492 03/31/2016 091 00000.00 638928000.00  586859267.25
2493 04/27/2016 118 00000.00 641260800.00  589192071.43
2494 05/24/2016 145 00000.00 643593600.00  591524875.77

2495 06/20/2016 172 00000.00 645926400.00  593857680.35
2496 07/17/2016 199 00000.00 648259200.00  596190485.05
2497 08/13/2016 226 00000.00 650592000.00  598523289.92
2498 09/09/2016 253 00000.00 652924800.00  600856094.57
2499 10/06/2016 280 00000.00 655257600.00  603188898.94

2500 11/02/2016 307 00000.00 657590400.00  605521703.26
2501 11/29/2016 334 00000.00 659923200.00  607854507.63
2502 12/26/2016 361 00000.00 662256000.00  610187312.21
2503 01/22/2017 022 00000.00 664588800.00  612520116.88
2504 02/18/2017 049 00000.00 666921600.00  614852921.53

2505 03/17/2017 076 00000.00 669254400.00  617185725.90
2506 04/13/2017 103 00000.00 671587200.00  619518530.11
2507 05/10/2017 130 00000.00 673920000.00  621851334.50
2508 06/06/2017 157 00000.00 676252800.00  624184139.14
2509 07/03/2017 184 00000.00 678585600.00  626516943.83

2510 07/30/2017 211 00000.00 680918400.00  628849748.73
2511 08/26/2017 238 00000.00 683251200.00  631182553.46
2512 09/22/2017 265 00000.00 685584000.00  633515357.82
2513 10/19/2017 292 00000.00 687916800.00  635848162.19
2514 11/15/2017 319 00000.00 690249600.00  638180966.73

2515 12/12/2017 346 00000.00 692582400.00  640513771.36
2516 01/08/2018 008 00000.00 694915200.00  642846576.07
2517 02/04/2018 035 00000.00 697248000.00  645179380.84
2518 03/03/2018 062 00000.00 699580800.00  647512185.24
2519 03/30/2018 089 00000.00 701913600.00  649844989.49

2520 04/26/2018 116 00000.00 704246400.00  652177793.94
2521 05/23/2018 143 00000.00 706579200.00  654510598.56
2522 06/19/2018 170 00000.00 708912000.00  656843403.33
2523 07/16/2018 197 00000.00 711244800.00  659176208.29
2524 08/12/2018 224 00000.00 713577600.00  661509013.07

2525 09/08/2018 251 00000.00 715910400.00  663841817.55
2526 10/05/2018 278 00000.00 718243200.00  666174621.97
2527 11/01/2018 305 00000.00 720576000.00  668507426.49
2528 11/28/2018 332 00000.00 722908800.00  670840231.18
2529 12/25/2018 359 00000.00 725241600.00  673173036.01

2530 01/21/2019 021 00000.00 727574400.00  675505840.77
2531 02/17/2019 048 00000.00 729907200.00  677838645.30
2532 03/16/2019 075 00000.00 732240000.00  680171449.54
2533 04/12/2019 102 00000.00 734572800.00  682504254.05
2534 05/09/2019 129 00000.00 736905600.00  684837058.73

2535 06/05/2019 156 00000.00 739238400.00  687169863.56
2536 07/02/2019 183 00000.00 741571200.00  689502668.50
2537 07/29/2019 210 00000.00 743904000.00  691835473.38
2538 08/25/2019 237 00000.00 746236800.00  694168277.96
2539 09/21/2019 264 00000.00 748569600.00  696501082.47

2540 10/18/2019 291 00000.00 750902400.00  698833887.18
2541 11/14/2019 318 00000.00 753235200.00  701166691.88
2542 12/11/2019 345 00000.00 755568000.00  703499496.79
2543 01/07/2020 007 00000.00 757900800.00  705832301.58
2544 02/03/2020 034 00000.00 760233600.00  708165106.11

2545 03/01/2020 061 00000.00 762566400.00  710497910.49
2546 03/28/2020 088 00000.00 764899200.00  712830714.97
2547 04/24/2020 115 00000.00 767232000.00  715163519.70
2548 05/21/2020 142 00000.00 769564800.00  717496324.64
2549 06/17/2020 169 00000.00 771897600.00  719829129.66

2550 07/14/2020 196 00000.00 774230400.00  722161934.60
2551 08/10/2020 223 00000.00 776563200.00  724494739.20
2552 09/06/2020 250 00000.00 778896000.00  726827543.76
2553 10/03/2020 277 00000.00 781228800.00  729160348.40
2554 10/30/2020 304 00000.00 783561600.00  731493153.29

2555 11/26/2020 331 00000.00 785894400.00  733825958.23
2556 12/23/2020 358 00000.00 788227200.00  736158763.11
2557 01/19/2021 019 00000.00 790560000.00  738491567.68
2558 02/15/2021 046 00000.00 792892800.00  740824372.07
2559 03/14/2021 073 00000.00 795225600.00  743157176.56

2560 04/10/2021 100 00000.00 797558400.00  745489981.31
2561 05/07/2021 127 00000.00 799891200.00  747822786.33
2562 06/03/2021 154 00000.00 802224000.00  750155591.35
2563 06/30/2021 181 00000.00 804556800.00  752488396.25
2564 07/27/2021 208 00000.00 806889600.00  754821200.91

2565 08/23/2021 235 00000.00 809222400.00  757154005.45
2566 09/19/2021 262 00000.00 811555200.00  759486810.16
2567 10/16/2021 289 00000.00 813888000.00  761819615.12
2568 11/12/2021 316 00000.00 816220800.00  764152420.10
2569 12/09/2021 343 00000.00 818553600.00  766485225.10

2570 01/05/2022 005 00000.00 820886400.00  768818029.72
2571 02/01/2022 032 00000.00 823219200.00  771150834.22
2572 02/28/2022 059 00000.00 825552000.00  773483638.71
2573 03/27/2022 086 00000.00 827884800.00  775816443.55
2574 04/23/2022 113 00000.00 830217600.00  778149248.46

2575 05/20/2022 140 00000.00 832550400.00  780482053.48
2576 06/16/2022 167 00000.00 834883200.00  782814858.36
2577 07/13/2022 194 00000.00 837216000.00  785147663.07
2578 08/09/2022 221 00000.00 839548800.00  787480467.69
2579 09/05/2022 248 00000.00 841881600.00  789813272.45

2580 10/02/2022 275 00000.00 844214400.00  792146077.39
2581 10/29/2022 302 00000.00 846547200.00  794478882.50
2582 11/25/2022 329 00000.00 848880000.00  796811687.52
2583 12/22/2022 356 00000.00 851212800.00  799144492.27
2584 01/18/2023 018 00000.00 853545600.00  801477296.75

2585 02/14/2023 045 00000.00 855878400.00  803810101.39
2586 03/13/2023 072 00000.00 858211200.00  806142906.20
2587 04/09/2023 099 00000.00 860544000.00  808475711.25
2588 05/06/2023 126 00000.00 862876800.00  810808516.26
2589 06/02/2023 153 00000.00 865209600.00  813141321.20

2590 06/29/2023 180 00000.00 867542400.00  815474125.88
2591 07/26/2023 207 00000.00 869875200.00  817806930.64
2592 08/22/2023 234 00000.00 872208000.00  820139735.39
2593 09/18/2023 261 00000.00 874540800.00  822472540.44
2594 10/15/2023 288 00000.00 876873600.00  824805345.55

2595 11/11/2023 315 00000.00 879206400.00  827138150.65
2596 12/08/2023 342 00000.00 881539200.00  829470955.44
2597 01/04/2024 004 00000.00 883872000.00  831803760.10
2598 01/31/2024 031 00000.00 886204800.00  834136564.75
2599 02/27/2024 058 00000.00 888537600.00 e836469369.56

2600 03/25/2024 085 00000.00 890870400.00 e838802174.39
2601 04/21/2024 112 00000.00 893203200.00 e841134979.23
2602 05/18/2024 139 00000.00 895536000.00 e843467784.06
2603 06/14/2024 166 00000.00 897868800.00 e845800588.90
2604 07/11/2024 193 00000.00 900201600.00 e848133393.74

2605 08/07/2024 220 00000.00 902534400.00 e850466198.57
2606 09/03/2024 247 00000.00 904867200.00 e852799003.41
2607 09/30/2024 274 00000.00 907200000.00 e855131808.24
2608 10/27/2024 301 00000.00 909532800.00 e857464613.08

 *-Seconds since 00:00:00 UT on 1/1/96
 e-Estimated Times
